17205202301287
17205201901119
17510202400300
17204202102109
01371202300439
1720420140945
17985202200249
17985201900326
17985202300796
17985202100265
17371202202078
17371202202849
17371202201843
17371202005748
17371202100667
17371202300351
17371202500637
17574202300396
17203202400392
01371202300439
17204201904530
17203201810389
17204201804441
17203202400379
17572202500072
17204202302606
17230202008857
1730420120122
17230202301185
1730620130549
17230202400737
17230202121721
17230202014337
17230202102718
17230202121177
17230202010309
17230202105715
1731020120634
17230202408732
17230201921755
17230202417214
17230202505005
17230202505139
17230202505138
17230202505137
17230202415152
17230202212582
17575202400094
17203202303682
17811202301852
17811201501669
17811201900541
17505200825929
17811202401375